'enemy3_down6': [(0, 747), (166, 261)], 
'enemy3_hit': [(166, 750), (169, 258)], 
'enemy3_n1': [(335, 750), (169, 258)], 
'enemy3_n2': [(504, 750), (169, 258)], 
'enemy3_down1': [(0, 486), (165, 261)], 
'enemy3_down2': [(0, 225), (165, 261)], 
'enemy3_down5': [(673, 748), (166, 260)], 
'enemy3_down3': [(839, 748), (165, 260)], 
'enemy3_down4': [(165, 486), (165, 261)], 
'hero1': [(0, 99), (102, 126)], 
'hero2': [(165, 360), (102, 126)], 
'hero_blowup_n1': [(165, 234), (102, 126)], 
'hero_blowup_n2': [(330, 624), (102, 126)], 
'hero_blowup_n3': [(330, 498), (102, 126)], 
'hero_blowup_n4': [(432, 624), (102, 126)], 
'enemy2': [(0, 0), (69, 99)], 
'enemy2_hit': [(432, 525), (69, 99)], 
'ufo2': [(102, 118), (60, 107)], 
'enemy2_down1': [(534, 655), (69, 95)],
'enemy2_down2': [(603, 655), (69, 95)], 
'enemy2_down3': [(672, 653), (69, 95)], 
'enemy2_down4': [(741, 653), (69, 95)], 
'ufo1': [(267, 398), (58, 88)], 
'bomb': [(810, 691), (63, 57)], 
'enemy1_down1': [(267, 347), (57, 51)], 
'enemy1_down2': [(873, 697), (57, 51)], 
'enemy1_down3': [(267, 296), (57, 51)], 
'enemy1_down4': [(930, 697), (57, 51)], 
'game_pause_nor': [(267, 251), (60, 45)], 
'game_pause_pressed': [(810, 646), (60, 45)], 
'enemy1': [(534, 612), (57, 43)], 
'bullet1': [(1004, 987), (9, 21)], 
'bullet2': [(69, 78), (9, 21)]